   0.0000000e+00   1.9399673e-01
   5.0000000e-02   3.7306710e-01
   1.0000000e-01   5.1356085e-01
   1.5000000e-01   6.0459867e-01
   2.0000000e-01   5.9696546e-01
   2.5000000e-01   5.2145393e-01
   3.0000000e-01   4.2721864e-01
   3.5000000e-01   3.1610367e-01
   4.0000000e-01   1.6037401e-01
   4.5000000e-01   7.3521332e-02
   5.0000000e-01  -4.8225475e-03
   5.5000000e-01  -2.3210089e-02
   6.0000000e-01  -5.9189862e-02
   6.5000000e-01  -2.8986902e-02
   7.0000000e-01  -2.7316110e-02
   7.5000000e-01   1.4153733e-02
   8.0000000e-01  -2.0546412e-02
   8.5000000e-01  -3.7413875e-02
   9.0000000e-01  -8.1044474e-02
   9.5000000e-01  -7.7806587e-02
   1.0000000e+00  -5.1383486e-02
