   0.0000000e+00   2.1396849e-01
   5.0000000e-02   3.7279602e-01
   1.0000000e-01   5.6544030e-01
   1.5000000e-01   6.5714800e-01
   2.0000000e-01   8.0198971e-01
   2.5000000e-01   8.6243244e-01
   3.0000000e-01   8.7592851e-01
   3.5000000e-01   9.0941102e-01
   4.0000000e-01   8.6824957e-01
   4.5000000e-01   8.0910300e-01
   5.0000000e-01   7.2182885e-01
   5.5000000e-01   7.1635364e-01
   6.0000000e-01   6.6004921e-01
   6.5000000e-01   6.2560377e-01
   7.0000000e-01   6.3137472e-01
   7.5000000e-01   6.4354130e-01
   8.0000000e-01   6.4484990e-01
   8.5000000e-01   7.1118275e-01
   9.0000000e-01   7.3553265e-01
   9.5000000e-01   7.5925008e-01
   1.0000000e+00   7.6914611e-01